[
    {
        "id": 0,
        "img_name": "r_0",
        "width": 400,
        "height": 400,
        "position": [
            -3.9642629623413086,
            0.1848981082439423,
            0.7074110507965086
        ],
        "rotation": [
            [
                -0.046590585261583335,
                -0.17529651522636414,
                0.9834126234054568
            ],
            [
                -0.9989140629768372,
                0.008176046423614027,
                -0.045867577195167535
            ],
            [
                -9.313225756293172e-10,
                -0.9844816923141478,
                -0.1754870861768722
            ]
        ],
        "fy": 555.5555155968841,
        "fx": 555.5555155968841
    },
    {
        "id": 1,
        "img_name": "r_1",
        "width": 400,
        "height": 400,
        "position": [
            2.782405853271484,
            1.1563053131103516,
            2.6779053211212163
        ],
        "rotation": [
            [
                -0.3837582468986512,
                0.6134429574012759,
                -0.6902299523353577
            ],
            [
                0.9234336018562318,
                0.25493308901786804,
                -0.28684404492378235
            ],
            [
                -1.4901161194058816e-08,
                -0.7474602460861207,
                -0.6643065214157106
            ]
        ],
        "fy": 555.5555155968841,
        "fx": 555.5555155968841
    },
    {
        "id": 2,
        "img_name": "r_2",
        "width": 400,
        "height": 400,
        "position": [
            1.7731329202651973,
            -2.4906337261199947,
            2.6273074150085454
        ],
        "rotation": [
            [
                0.8146438002586365,
                0.37799265980720526,
                -0.43986013531684875
            ],
            [
                0.5799614787101746,
                -0.5309479236602783,
                0.6178501844406128
            ],
            [
                1.4901160339580025e-08,
                -0.7584297060966492,
                -0.6517547369003296
            ]
        ],
        "fy": 555.5555155968841,
        "fx": 555.5555155968841
    },
    {
        "id": 3,
        "img_name": "r_3",
        "width": 400,
        "height": 400,
        "position": [
            1.6030952930450437,
            -1.7540503740310667,
            3.2562849521636963
        ],
        "rotation": [
            [
                0.7381561994552612,
                0.5449558496475219,
                -0.3976789712905884
            ],
            [
                0.6746298670768737,
                -0.5962714552879333,
                0.43512630462646495
            ],
            [
                1.039330585807117e-17,
                -0.5894773602485657,
                -0.8077847957611085
            ]
        ],
        "fy": 555.5555155968841,
        "fx": 555.5555155968841
    },
    {
        "id": 4,
        "img_name": "r_4",
        "width": 400,
        "height": 400,
        "position": [
            -0.0017703771591186526,
            0.005480855703353883,
            4.031125068664551
        ],
        "rotation": [
            [
                -0.9515889286994933,
                -0.3073734641075134,
                0.000439176510553807
            ],
            [
                -0.30737379193305975,
                0.9515879154205321,
                -0.0013596329372376204
            ],
            [
                2.9103830466290716e-11,
                -0.0014183608582243323,
                -0.9999990463256836
            ]
        ],
        "fy": 555.5555155968841,
        "fx": 555.5555155968841
    },
    {
        "id": 5,
        "img_name": "r_5",
        "width": 400,
        "height": 400,
        "position": [
            -2.9576489925384526,
            2.4686758518218994,
            1.1865712404251096
        ],
        "rotation": [
            [
                -0.6407920122146605,
                -0.22597837448120117,
                0.7337024211883545
            ],
            [
                -0.7677144408226012,
                0.18861849606037137,
                -0.6124030947685242
            ],
            [
                1.490116120055845e-08,
                -0.9556970000267028,
                -0.2943520843982696
            ]
        ],
        "fy": 555.5555155968841,
        "fx": 555.5555155968841
    },
    {
        "id": 6,
        "img_name": "r_6",
        "width": 400,
        "height": 400,
        "position": [
            2.7004847526550306,
            1.4975597858428957,
            2.591273069381713
        ],
        "rotation": [
            [
                -0.48497226834297186,
                0.5621613860130309,
                -0.6699077486991883
            ],
            [
                0.8745296001434326,
                0.31174781918525696,
                -0.3714988231658935
            ],
            [
                -1.4901161176920733e-08,
                -0.7660208940505981,
                -0.6428156495094299
            ]
        ],
        "fy": 555.5555155968841,
        "fx": 555.5555155968841
    },
    {
        "id": 7,
        "img_name": "r_7",
        "width": 400,
        "height": 400,
        "position": [
            1.3832918405532835,
            3.004242420196533,
            2.304567575454712
        ],
        "rotation": [
            [
                -0.9083366394042969,
                0.2391048073768616,
                -0.3431524336338044
            ],
            [
                0.41824007034301747,
                0.5192894339561462,
                -0.745260775089264
            ],
            [
                6.203512610060626e-17,
                -0.820467710494995,
                -0.5716927647590637
            ]
        ],
        "fy": 555.5555155968841,
        "fx": 555.5555155968841
    },
    {
        "id": 8,
        "img_name": "r_8",
        "width": 400,
        "height": 400,
        "position": [
            1.9178552627563474,
            2.251715183258057,
            2.738906621932983
        ],
        "rotation": [
            [
                -0.7612887024879456,
                0.44055718183517445,
                -0.4757613241672515
            ],
            [
                0.6484130620956421,
                0.5172492861747742,
                -0.5585817694664001
            ],
            [
                -5.301052452847737e-17,
                -0.7337318658828735,
                -0.679439127445221
            ]
        ],
        "fy": 555.5555155968841,
        "fx": 555.5555155968841
    },
    {
        "id": 9,
        "img_name": "r_9",
        "width": 400,
        "height": 400,
        "position": [
            3.309913158416748,
            0.3558789491653442,
            2.273284912109375
        ],
        "rotation": [
            [
                -0.10690297186374663,
                0.5607009530067443,
                -0.8210883736610411
            ],
            [
                0.9942693710327147,
                0.06028607115149496,
                -0.0882826969027519
            ],
            [
                -3.365192366489349e-18,
                -0.825820803642273,
                -0.5639325976371766
            ]
        ],
        "fy": 555.5555155968841,
        "fx": 555.5555155968841
    },
    {
        "id": 10,
        "img_name": "r_10",
        "width": 400,
        "height": 400,
        "position": [
            -3.4915735721588144,
            1.8911771774291992,
            0.6945241689682006
        ],
        "rotation": [
            [
                -0.476265251636505,
                -0.15149508416652677,
                0.866152763366699
            ],
            [
                -0.8793016076087952,
                0.08205585926771163,
                -0.46914330124855047
            ],
            [
                1.5734515673217403e-18,
                -0.9850462675094603,
                -0.17229023575782773
            ]
        ],
        "fy": 555.5555155968841,
        "fx": 555.5555155968841
    },
    {
        "id": 11,
        "img_name": "r_11",
        "width": 400,
        "height": 400,
        "position": [
            -0.6175778508186341,
            -0.32625171542167664,
            3.9701583385467534
        ],
        "rotation": [
            [
                0.46710333228111267,
                -0.8708292245864868,
                0.1532022058963776
            ],
            [
                -0.8842027783393861,
                -0.4600383937358856,
                0.0809330865740776
            ],
            [
                -2.5117298686058533e-19,
                -0.17326587438583374,
                -0.9848750829696655
            ]
        ],
        "fy": 555.5555155968841,
        "fx": 555.5555155968841
    },
    {
        "id": 12,
        "img_name": "r_12",
        "width": 400,
        "height": 400,
        "position": [
            -0.685625433921814,
            -2.5951776504516606,
            3.0074856281280513
        ],
        "rotation": [
            [
                0.9668280482292175,
                -0.19056621193885803,
                0.1700827330350876
            ],
            [
                -0.25542831420898443,
                -0.721316933631897,
                0.6437843441963197
            ],
            [
                7.450580602697344e-09,
                -0.6658726930618286,
                -0.7460653781890868
            ]
        ],
        "fy": 555.5555155968841,
        "fx": 555.5555155968841
    },
    {
        "id": 13,
        "img_name": "r_13",
        "width": 400,
        "height": 400,
        "position": [
            0.5786033868789671,
            0.25964334607124323,
            3.9809298515319815
        ],
        "rotation": [
            [
                -0.4094095230102539,
                0.9009892344474792,
                -0.14353384077548978
            ],
            [
                0.9123506546020507,
                0.4043112099170684,
                -0.06440958380699156
            ],
            [
                -3.725290067242465e-09,
                -0.15732330083847043,
                -0.987547218799591
            ]
        ],
        "fy": 555.5555155968841,
        "fx": 555.5555155968841
    },
    {
        "id": 14,
        "img_name": "r_14",
        "width": 400,
        "height": 400,
        "position": [
            2.8167657852172856,
            0.06540382653474809,
            2.882976293563843
        ],
        "rotation": [
            [
                -0.0232132188975811,
                0.7149856686592102,
                -0.698753595352173
            ],
            [
                0.9997305870056152,
                0.01660159043967724,
                -0.01622469164431095
            ],
            [
                3.761918303761777e-19,
                -0.6989418864250183,
                -0.7151783704757689
            ]
        ],
        "fy": 555.5555155968841,
        "fx": 555.5555155968841
    },
    {
        "id": 15,
        "img_name": "r_15",
        "width": 400,
        "height": 400,
        "position": [
            3.3393919467926025,
            -1.0313750505447388,
            2.0086629390716553
        ],
        "rotation": [
            [
                0.2950971722602844,
                0.476097822189331,
                -0.8284011483192444
            ],
            [
                0.9554671645164489,
                -0.14704337716102603,
                0.25585266947746277
            ],
            [
                -7.450580606979783e-09,
                -0.8670115470886232,
                -0.4982879459857941
            ]
        ],
        "fy": 555.5555155968841,
        "fx": 555.5555155968841
    },
    {
        "id": 16,
        "img_name": "r_16",
        "width": 400,
        "height": 400,
        "position": [
            3.361073493957519,
            -1.0213360786437988,
            1.9773868322372437
        ],
        "rotation": [
            [
                0.2907449007034302,
                0.46933877468109136,
                -0.8337796926498412
            ],
            [
                0.9568006396293641,
                -0.14261890947818756,
                0.2533622980117798
            ],
            [
                3.251908083247862e-17,
                -0.8714247345924377,
                -0.4905292987823487
            ]
        ],
        "fy": 555.5555155968841,
        "fx": 555.5555155968841
    },
    {
        "id": 17,
        "img_name": "r_17",
        "width": 400,
        "height": 400,
        "position": [
            0.6004718542098997,
            -1.2310748100280757,
            3.7912909984588623
        ],
        "rotation": [
            [
                0.8987835049629211,
                0.4123098850250244,
                -0.14895874261856076
            ],
            [
                0.43839263916015625,
                -0.8453091979026793,
                0.30539211630821217
            ],
            [
                -1.4901158509518628e-08,
                -0.33978372812271124,
                -0.9405036568641664
            ]
        ],
        "fy": 555.5555155968841,
        "fx": 555.5555155968841
    },
    {
        "id": 18,
        "img_name": "r_18",
        "width": 400,
        "height": 400,
        "position": [
            3.071801900863648,
            -0.7262973189353943,
            2.507294178009033
        ],
        "rotation": [
            [
                0.23009599745273593,
                0.6052941679954528,
                -0.7620203495025637
            ],
            [
                0.9731679558753967,
                -0.1431158483028412,
                0.1801722049713135
            ],
            [
                -1.1192853116000406e-17,
                -0.7830305695533752,
                -0.6219832301139832
            ]
        ],
        "fy": 555.5555155968841,
        "fx": 555.5555155968841
    },
    {
        "id": 19,
        "img_name": "r_19",
        "width": 400,
        "height": 400,
        "position": [
            -0.6461316347122192,
            -0.7326142787933351,
            3.910983085632325
        ],
        "rotation": [
            [
                0.7499865889549255,
                -0.6417388319969175,
                0.160285547375679
            ],
            [
                -0.6614531278610228,
                -0.727633535861969,
                0.18173925578594208
            ],
            [
                2.8804186265585123e-17,
                -0.24232351779937744,
                -0.9701955914497377
            ]
        ],
        "fy": 555.5555155968841,
        "fx": 555.5555155968841
    },
    {
        "id": 20,
        "img_name": "r_20",
        "width": 400,
        "height": 400,
        "position": [
            0.1992621421813965,
            -0.2033458650112152,
            4.021062850952148
        ],
        "rotation": [
            [
                0.7142422795295715,
                0.6981507539749146,
                -0.04943085461854935
            ],
            [
                0.6998984813690186,
                -0.7124587893486024,
                0.05044389888644217
            ],
            [
                -7.573855278124944e-18,
                -0.07062601298093794,
                -0.9975029230117796
            ]
        ],
        "fy": 555.5555155968841,
        "fx": 555.5555155968841
    },
    {
        "id": 21,
        "img_name": "r_21",
        "width": 400,
        "height": 400,
        "position": [
            -2.0497863292694096,
            1.9564131498336794,
            2.867197513580322
        ],
        "rotation": [
            [
                -0.690438687801361,
                -0.5145220756530761,
                0.5084894299507141
            ],
            [
                -0.7233909964561462,
                0.49108427762985235,
                -0.48532640933990484
            ],
            [
                -1.490116298079716e-08,
                -0.7029246091842654,
                -0.7112642526626589
            ]
        ],
        "fy": 555.5555155968841,
        "fx": 555.5555155968841
    },
    {
        "id": 22,
        "img_name": "r_22",
        "width": 400,
        "height": 400,
        "position": [
            1.1732101440429688,
            -0.7194232344627379,
            3.78893232345581
        ],
        "rotation": [
            [
                0.5227516293525696,
                0.8012664318084718,
                -0.2910376191139221
            ],
            [
                0.8524850010871887,
                -0.49134391546249384,
                0.17846693098545072
            ],
            [
                1.5935696452651977e-17,
                -0.34139898419380177,
                -0.9399183988571167
            ]
        ],
        "fy": 555.5555155968841,
        "fx": 555.5555155968841
    },
    {
        "id": 23,
        "img_name": "r_23",
        "width": 400,
        "height": 400,
        "position": [
            -3.3197531700134277,
            2.11091947555542,
            0.8793507814407348
        ],
        "rotation": [
            [
                -0.5365768074989319,
                -0.1840778589248657,
                0.8235294222831728
            ],
            [
                -0.8438515067100525,
                0.11704890429973601,
                -0.5236546397209167
            ],
            [
                7.450580591508835e-09,
                -0.9759174585342407,
                -0.21814008057117457
            ]
        ],
        "fy": 555.5555155968841,
        "fx": 555.5555155968841
    },
    {
        "id": 24,
        "img_name": "r_24",
        "width": 400,
        "height": 400,
        "position": [
            -3.887960910797119,
            0.6457415223121642,
            0.8466275930404664
        ],
        "rotation": [
            [
                -0.16384300589561462,
                -0.20718429982662198,
                0.9644843935966491
            ],
            [
                -0.9864864349365234,
                0.03441071137785912,
                -0.16018874943256378
            ],
            [
                3.568638248843923e-18,
                -0.9776965975761414,
                -0.21002244949340823
            ]
        ],
        "fy": 555.5555155968841,
        "fx": 555.5555155968841
    },
    {
        "id": 25,
        "img_name": "r_25",
        "width": 400,
        "height": 400,
        "position": [
            1.7817678451538088,
            3.1280710697174072,
            1.8139666318893433
        ],
        "rotation": [
            [
                -0.868924617767334,
                0.22271996736526495,
                -0.44200220704078674
            ],
            [
                0.4949446320533753,
                0.39100712537765503,
                -0.7759789228439331
            ],
            [
                8.796096146904068e-17,
                -0.893033742904663,
                -0.44998973608016973
            ]
        ],
        "fy": 555.5555155968841,
        "fx": 555.5555155968841
    },
    {
        "id": 26,
        "img_name": "r_26",
        "width": 400,
        "height": 400,
        "position": [
            -1.55285906791687,
            3.4303293228149414,
            1.4392601251602173
        ],
        "rotation": [
            [
                -0.9110037684440613,
                -0.14724107086658478,
                0.3852169215679169
            ],
            [
                -0.4123978912830353,
                0.32526156306266785,
                -0.8509599566459656
            ],
            [
                -1.8678116391813232e-17,
                -0.9340903162956238,
                -0.3570365011692047
            ]
        ],
        "fy": 555.5555155968841,
        "fx": 555.5555155968841
    },
    {
        "id": 27,
        "img_name": "r_27",
        "width": 400,
        "height": 400,
        "position": [
            0.38791728019714355,
            1.4614114761352541,
            3.73681640625
        ],
        "rotation": [
            [
                -0.9665295481681823,
                0.2378245890140533,
                -0.09623043239116667
            ],
            [
                0.2565557360649109,
                0.895963191986084,
                -0.3625315725803375
            ],
            [
                1.1981326109966226e-17,
                -0.37508589029312134,
                -0.9269900321960449
            ]
        ],
        "fy": 555.5555155968841,
        "fx": 555.5555155968841
    },
    {
        "id": 28,
        "img_name": "r_28",
        "width": 400,
        "height": 400,
        "position": [
            3.359508514404298,
            -2.1101894378662105,
            0.7147043943405151
        ],
        "rotation": [
            [
                0.5319001674652098,
                0.15013580024242398,
                -0.8333914279937744
            ],
            [
                0.8468070030212401,
                -0.09430396556854247,
                0.5234735012054443
            ],
            [
                1.1782407870008426e-18,
                -0.9841575622558593,
                -0.17729632556438443
            ]
        ],
        "fy": 555.5555155968841,
        "fx": 555.5555155968841
    },
    {
        "id": 29,
        "img_name": "r_29",
        "width": 400,
        "height": 400,
        "position": [
            -0.664892077445984,
            3.6925346851348877,
            1.4741460084915161
        ],
        "rotation": [
            [
                -0.9841723442077636,
                -0.06480545550584792,
                0.16493941843509674
            ],
            [
                -0.17721387743949887,
                0.3599026203155516,
                -0.9160050749778748
            ],
            [
                -3.7252903086454926e-09,
                -0.9307364225387572,
                -0.3656906187534332
            ]
        ],
        "fy": 555.5555155968841,
        "fx": 555.5555155968841
    },
    {
        "id": 30,
        "img_name": "r_30",
        "width": 400,
        "height": 400,
        "position": [
            -3.358717679977416,
            0.6295993328094482,
            2.138368368148804
        ],
        "rotation": [
            [
                -0.18424324691295618,
                -0.521382749080658,
                0.8331952095031737
            ],
            [
                -0.9828807115554808,
                0.09773439913988115,
                -0.1561843603849411
            ],
            [
                7.450580606814442e-09,
                -0.847707509994507,
                -0.5304638147354128
            ]
        ],
        "fy": 555.5555155968841,
        "fx": 555.5555155968841
    },
    {
        "id": 31,
        "img_name": "r_31",
        "width": 400,
        "height": 400,
        "position": [
            -3.598320484161377,
            -1.377181887626648,
            1.18552029132843
        ],
        "rotation": [
            [
                0.35744389891624445,
                -0.27466213703155523,
                0.8926335573196413
            ],
            [
                -0.9339346289634705,
                -0.10512119531631468,
                0.34163680672645563
            ],
            [
                7.450580160653186e-09,
                -0.9557772874832153,
                -0.2940914332866668
            ]
        ],
        "fy": 555.5555155968841,
        "fx": 555.5555155968841
    },
    {
        "id": 32,
        "img_name": "r_32",
        "width": 400,
        "height": 400,
        "position": [
            -0.5459881424903871,
            -2.784370183944703,
            2.863421201705933
        ],
        "rotation": [
            [
                0.9813115000724791,
                -0.13668526709079742,
                0.13544297218322754
            ],
            [
                -0.19242572784423828,
                -0.6970524787902832,
                0.6907171607017518
            ],
            [
                2.6290434351452607e-17,
                -0.7038713693618772,
                -0.7103273272514342
            ]
        ],
        "fy": 555.5555155968841,
        "fx": 555.5555155968841
    },
    {
        "id": 33,
        "img_name": "r_33",
        "width": 400,
        "height": 400,
        "position": [
            1.79130494594574,
            -2.5100080966949467,
            2.5963599681854244
        ],
        "rotation": [
            [
                0.8139723539352417,
                0.3741470277309418,
                -0.44436803460121155
            ],
            [
                0.5809035897254945,
                -0.5242613554000856,
                0.6226562857627869
            ],
            [
                1.4901163014770846e-08,
                -0.7649601101875304,
                -0.6440775394439696
            ]
        ],
        "fy": 555.5555155968841,
        "fx": 555.5555155968841
    },
    {
        "id": 34,
        "img_name": "r_34",
        "width": 400,
        "height": 400,
        "position": [
            0.14518943428993225,
            0.04444393515586852,
            4.028267860412597
        ],
        "rotation": [
            [
                -0.29270333051681524,
                0.9555247426033019,
                -0.03601707145571708
            ],
            [
                0.9562032818794252,
                0.2924956679344177,
                -0.011025184765458105
            ],
            [
                -2.2260642849426017e-18,
                -0.03766635805368423,
                -0.999290347099304
            ]
        ],
        "fy": 555.5555155968841,
        "fx": 555.5555155968841
    },
    {
        "id": 35,
        "img_name": "r_35",
        "width": 400,
        "height": 400,
        "position": [
            -2.3418567180633545,
            -2.5363905429840083,
            2.0814492702484135
        ],
        "rotation": [
            [
                0.7347207069396975,
                -0.3502720892429351,
                0.5809431672096252
            ],
            [
                -0.6783697605133056,
                -0.3793686032295227,
                0.629201054573059
            ],
            [
                2.9802322358020344e-08,
                -0.8563811779022217,
                -0.5163440108299256
            ]
        ],
        "fy": 555.5555155968841,
        "fx": 555.5555155968841
    },
    {
        "id": 36,
        "img_name": "r_36",
        "width": 400,
        "height": 400,
        "position": [
            1.2137513160705564,
            -3.7708530426025386,
            0.7466435432434081
        ],
        "rotation": [
            [
                0.9519041180610657,
                0.056750528514385216,
                -0.301094651222229
            ],
            [
                0.30639618635177607,
                -0.17631115019321442,
                0.9354335069656372
            ],
            [
                -2.268412730152182e-18,
                -0.9826971888542174,
                -0.18521946668624875
            ]
        ],
        "fy": 555.5555155968841,
        "fx": 555.5555155968841
    },
    {
        "id": 37,
        "img_name": "r_37",
        "width": 400,
        "height": 400,
        "position": [
            1.1146137714385984,
            1.0315107107162476,
            3.7341158390045157
        ],
        "rotation": [
            [
                -0.6792168021202086,
                0.6798612475395203,
                -0.2765016853809356
            ],
            [
                0.733937680721283,
                0.6291722655296326,
                -0.2558863461017608
            ],
            [
                -1.4901158552116501e-08,
                -0.376737356185913,
                -0.9263202548027037
            ]
        ],
        "fy": 555.5555155968841,
        "fx": 555.5555155968841
    },
    {
        "id": 38,
        "img_name": "r_38",
        "width": 400,
        "height": 400,
        "position": [
            -2.105192184448242,
            -3.3335342407226554,
            0.8400681614875793
        ],
        "rotation": [
            [
                0.8455115556716919,
                -0.1112741306424141,
                0.5222338438034059
            ],
            [
                -0.5339571237564086,
                -0.17620058357715607,
                0.8269479870796205
            ],
            [
                -7.450580594596154e-09,
                -0.978044629096985,
                -0.20839524269104007
            ]
        ],
        "fy": 555.5555155968841,
        "fx": 555.5555155968841
    },
    {
        "id": 39,
        "img_name": "r_39",
        "width": 400,
        "height": 400,
        "position": [
            2.1927402019500737,
            0.5742864608764648,
            3.3334794044494633
        ],
        "rotation": [
            [
                -0.2533583045005798,
                0.7999536991119385,
                -0.5439518690109254
            ],
            [
                0.9673724770545958,
                0.2095107287168503,
                -0.14246293902397159
            ],
            [
                4.855955383143069e-18,
                -0.5622982382774353,
                -0.8269344568252565
            ]
        ],
        "fy": 555.5555155968841,
        "fx": 555.5555155968841
    },
    {
        "id": 40,
        "img_name": "r_40",
        "width": 400,
        "height": 400,
        "position": [
            2.319435358047486,
            -1.0625770092010496,
            3.121081590652466
        ],
        "rotation": [
            [
                0.4164935350418091,
                0.7038961052894592,
                -0.5753811597824097
            ],
            [
                0.9091386795043945,
                -0.3224680423736571,
                0.26359292864799494
            ],
            [
                -1.9990650230493874e-17,
                -0.6328859925270081,
                -0.7742451429367065
            ]
        ],
        "fy": 555.5555155968841,
        "fx": 555.5555155968841
    },
    {
        "id": 41,
        "img_name": "r_41",
        "width": 400,
        "height": 400,
        "position": [
            -3.049161195755004,
            2.5744292736053467,
            0.5700259804725646
        ],
        "rotation": [
            [
                -0.6451196670532225,
                -0.10804574936628342,
                0.7564038038253786
            ],
            [
                -0.7640815377235411,
                0.09122382104396817,
                -0.6386373043060303
            ],
            [
                -2.4117172901872875e-18,
                -0.9899516701698302,
                -0.1414060443639755
            ]
        ],
        "fy": 555.5555155968841,
        "fx": 555.5555155968841
    },
    {
        "id": 42,
        "img_name": "r_42",
        "width": 400,
        "height": 400,
        "position": [
            2.565738677978515,
            0.8611204028129578,
            2.987550258636474
        ],
        "rotation": [
            [
                -0.31818059086799627,
                0.7026041150093078,
                -0.6364814043045043
            ],
            [
                0.9480302333831788,
                0.23580998182296758,
                -0.21361768245697024
            ],
            [
                5.2347693328753155e-18,
                -0.6713725924491882,
                -0.7411199808120728
            ]
        ],
        "fy": 555.5555155968841,
        "fx": 555.5555155968841
    },
    {
        "id": 43,
        "img_name": "r_43",
        "width": 400,
        "height": 400,
        "position": [
            -3.4652323722839355,
            1.7079591751098635,
            1.1511037349700923
        ],
        "rotation": [
            [
                -0.4421003460884093,
                -0.25613185763359064,
                0.8596183657646181
            ],
            [
                -0.8969655632972715,
                0.1262433975934982,
                -0.423692524433136
            ],
            [
                1.4901160291021296e-08,
                -0.9583626985549926,
                -0.2855536937713622
            ]
        ],
        "fy": 555.5555155968841,
        "fx": 555.5555155968841
    },
    {
        "id": 44,
        "img_name": "r_44",
        "width": 400,
        "height": 400,
        "position": [
            0.27930802106857305,
            -3.3850975036621085,
            2.170968055725098
        ],
        "rotation": [
            [
                0.9966132640838623,
                0.04428591951727867,
                -0.06928779184818268
            ],
            [
                0.08223162591457366,
                -0.5367269515991211,
                0.8397393226623534
            ],
            [
                -6.725955541459248e-18,
                -0.8425929546356201,
                -0.5385509133338929
            ]
        ],
        "fy": 555.5555155968841,
        "fx": 555.5555155968841
    },
    {
        "id": 45,
        "img_name": "r_45",
        "width": 400,
        "height": 400,
        "position": [
            1.4804580211639407,
            -0.21788179874420172,
            3.7430965900421147
        ],
        "rotation": [
            [
                0.14560347795486456,
                0.9186524748802184,
                -0.36725643277168274
            ],
            [
                0.9893430471420289,
                -0.13519981503486633,
                0.0540498197078705
            ],
            [
                -6.662214466595998e-18,
                -0.37121242284774786,
                -0.9285479784011842
            ]
        ],
        "fy": 555.5555155968841,
        "fx": 555.5555155968841
    },
    {
        "id": 46,
        "img_name": "r_46",
        "width": 400,
        "height": 400,
        "position": [
            -3.351419687271119,
            -1.998401165008545,
            1.0121160745620725
        ],
        "rotation": [
            [
                0.5121476650238036,
                -0.21564774215221405,
                0.8313848972320556
            ],
            [
                -0.8588975071907043,
                -0.1285875141620636,
                0.4957423210144044
            ],
            [
                2.626611229743359e-17,
                -0.9679675698280334,
                -0.25107508897781367
            ]
        ],
        "fy": 555.5555155968841,
        "fx": 555.5555155968841
    },
    {
        "id": 47,
        "img_name": "r_47",
        "width": 400,
        "height": 400,
        "position": [
            0.5692142248153688,
            -1.1903560161590576,
            3.8090744018554696
        ],
        "rotation": [
            [
                0.9021598100662233,
                0.4076383709907532,
                -0.14120467007160187
            ],
            [
                0.4314022064208983,
                -0.8524643182754517,
                0.29529097676277155
            ],
            [
                -1.4901163003903334e-08,
                -0.32731565833091736,
                -0.9449150562286376
            ]
        ],
        "fy": 555.5555155968841,
        "fx": 555.5555155968841
    },
    {
        "id": 48,
        "img_name": "r_48",
        "width": 400,
        "height": 400,
        "position": [
            3.188903808593749,
            0.1816264986991882,
            2.4592490196228027
        ],
        "rotation": [
            [
                -0.05686362087726593,
                0.6090774536132812,
                -0.7910696864128112
            ],
            [
                0.9983819723129272,
                0.034690480679273605,
                -0.04505598917603492
            ],
            [
                -1.5555488441789091e-18,
                -0.7923516631126405,
                -0.6100645661354065
            ]
        ],
        "fy": 555.5555155968841,
        "fx": 555.5555155968841
    },
    {
        "id": 49,
        "img_name": "r_49",
        "width": 400,
        "height": 400,
        "position": [
            1.41981840133667,
            1.174722671508789,
            3.585267543792724
        ],
        "rotation": [
            [
                -0.6374712586402893,
                0.6852561831474304,
                -0.35221359133720387
            ],
            [
                0.7704740762710571,
                0.5669640302658081,
                -0.29141283035278326
            ],
            [
                4.198447900170535e-17,
                -0.4571386277675628,
                -0.8893954157829284
            ]
        ],
        "fy": 555.5555155968841,
        "fx": 555.5555155968841
    },
    {
        "id": 50,
        "img_name": "r_50",
        "width": 400,
        "height": 400,
        "position": [
            -2.166845560073852,
            2.153562545776367,
            2.6300091743469243
        ],
        "rotation": [
            [
                -0.7049294710159303,
                -0.4627502560615539,
                0.5375282168388364
            ],
            [
                -0.7092774510383606,
                0.4599135518074037,
                -0.5342330932617188
            ],
            [
                4.247719507208949e-17,
                -0.757853329181671,
                -0.652424991130829
            ]
        ],
        "fy": 555.5555155968841,
        "fx": 555.5555155968841
    },
    {
        "id": 51,
        "img_name": "r_51",
        "width": 400,
        "height": 400,
        "position": [
            2.324953079223633,
            -1.8703022003173824,
            2.7104542255401602
        ],
        "rotation": [
            [
                0.6268057227134705,
                0.5239028334617614,
                -0.5767498612403871
            ],
            [
                0.7791755199432373,
                -0.42145225405693043,
                0.4639648795127868
            ],
            [
                -1.4901160245926894e-08,
                -0.7402053475379943,
                -0.6723809242248534
            ]
        ],
        "fy": 555.5555155968841,
        "fx": 555.5555155968841
    },
    {
        "id": 52,
        "img_name": "r_52",
        "width": 400,
        "height": 400,
        "position": [
            -2.4753899574279776,
            1.4328651428222656,
            2.84065866470337
        ],
        "rotation": [
            [
                -0.5009693503379822,
                -0.6098764538764953,
                0.6140686869621276
            ],
            [
                -0.8654649853706361,
                0.3530234396457672,
                -0.3554500937461853
            ],
            [
                1.4901161162190935e-08,
                -0.7095245718955995,
                -0.7046806812286376
            ]
        ],
        "fy": 555.5555155968841,
        "fx": 555.5555155968841
    },
    {
        "id": 53,
        "img_name": "r_53",
        "width": 400,
        "height": 400,
        "position": [
            2.6494359970092773,
            1.435822129249573,
            2.6774806976318346
        ],
        "rotation": [
            [
                -0.4764655828475951,
                0.5839611291885376,
                -0.6572441458702089
