[
    {
        "id": 0,
        "img_name": "r_0",
        "width": 400,
        "height": 400,
        "position": [
            -3.9642629623413086,
            0.1848981082439423,
            0.7074110507965086
        ],
        "rotation": [
            [
                -0.046590585261583335,
                -0.17529651522636414,
                0.9834126234054568
            ],
            [
                -0.9989140629768372,
                0.008176046423614027,
                -0.045867577195167535
            ],
            [
                -9.313225756293172e-10,
                -0.9844816923141478,
                -0.1754870861768722
            ]
        ],
        "fy": 555.5555155968841,
        "fx": 555.5555155968841
    },
    {
        "id": 1,
        "img_name": "r_1",
        "width": 400,
        "height": 400,
        "position": [
            2.782405853271484,
            1.1563053131103516,
            2.6779053211212163
        ],
        "rotation": [
            [
                -0.3837582468986512,
                0.6134429574012759,
                -0.6902299523353577
            ],
            [
                0.9234336018562318,
                0.25493308901786804,
                -0.28684404492378235
            ],
            [
                -1.4901161194058816e-08,
                -0.7474602460861207,
                -0.6643065214157106
            ]
        ],
        "fy": 555.5555155968841,
        "fx": 555.5555155968841
    },
    {
        "id": 2,
        "img_name": "r_2",
        "width": 400,
        "height": 400,
        "position": [
            1.7731329202651973,
            -2.4906337261199947,
            2.6273074150085454
        ],
        "rotation": [
            [
                0.8146438002586365,
                0.37799265980720526,
                -0.43986013531684875
            ],
            [
                0.5799614787101746,
                -0.5309479236602783,
                0.6178501844406128
            ],
            [
                1.4901160339580025e-08,
                -0.7584297060966492,
                -0.6517547369003296
            ]
        ],
        "fy": 555.5555155968841,
        "fx": 555.5555155968841
    },
    {
        "id": 3,
        "img_name": "r_3",
        "width": 400,
        "height": 400,
        "position": [
            1.6030952930450437,
            -1.7540503740310667,
            3.2562849521636963
        ],
        "rotation": [
            [
                0.7381561994552612,
                0.5449558496475219,
                -0.3976789712905884
            ],
            [
                0.6746298670768737,
                -0.5962714552879333,
                0.43512630462646495
            ],
            [
                1.039330585807117e-17,
                -0.5894773602485657,
                -0.8077847957611085
            ]
        ],
        "fy": 555.5555155968841,
        "fx": 555.5555155968841
    },
    {
        "id": 4,
        "img_name": "r_4",
        "width": 400,
        "height": 400,
        "position": [
            -0.0017703771591186526,
            0.005480855703353883,
            4.031125068664551
        ],
        "rotation": [
            [
                -0.9515889286994933,
                -0.3073734641075134,
                0.000439176510553807
            ],
            [
                -0.30737379193305975,
                0.9515879154205321,
                -0.0013596329372376204
            ],
            [
                2.9103830466290716e-11,
                -0.0014183608582243323,
                -0.9999990463256836
            ]
        ],
        "fy": 555.5555155968841,
        "fx": 555.5555155968841
    },
    {
        "id": 5,
        "img_name": "r_5",
        "width": 400,
        "height": 400,
        "position": [
            -2.9576489925384526,
            2.4686758518218994,
            1.1865712404251096
        ],
        "rotation": [
            [
                -0.6407920122146605,
                -0.22597837448120117,
                0.7337024211883545
            ],
            [
                -0.7677144408226012,
                0.18861849606037137,
                -0.6124030947685242
            ],
            [
                1.490116120055845e-08,
                -0.9556970000267028,
                -0.2943520843982696
            ]
        ],
        "fy": 555.5555155968841,
        "fx": 555.5555155968841
    },
    {
        "id": 6,
        "img_name": "r_6",
        "width": 400,
        "height": 400,
        "position": [
            2.7004847526550306,
            1.4975597858428957,
            2.591273069381713
        ],
        "rotation": [
            [
                -0.48497226834297186,
                0.5621613860130309,
                -0.6699077486991883
            ],
            [
                0.8745296001434326,
                0.31174781918525696,
                -0.3714988231658935
            ],
            [
                -1.4901161176920733e-08,
                -0.7660208940505981,
                -0.6428156495094299
            ]
        ],
        "fy": 555.5555155968841,
        "fx": 555.5555155968841
    },
    {
        "id": 7,
        "img_name": "r_7",
        "width": 400,
        "height": 400,
        "position": [
            1.3832918405532835,
            3.004242420196533,
            2.304567575454712
        ],
        "rotation": [
            [
                -0.9083366394042969,
                0.2391048073768616,
                -0.3431524336338044
            ],
            [
                0.41824007034301747,
                0.5192894339561462,
                -0.745260775089264
            ],
            [
                6.203512610060626e-17,
                -0.820467710494995,
                -0.5716927647590637
            ]
        ],
        "fy": 555.5555155968841,
        "fx": 555.5555155968841
    },
    {
        "id": 8,
        "img_name": "r_8",
        "width": 400,
        "height": 400,
        "position": [
            1.9178552627563474,
            2.251715183258057,
            2.738906621932983
        ],
        "rotation": [
            [
                -0.7612887024879456,
                0.44055718183517445,
                -0.4757613241672515
            ],
            [
                0.6484130620956421,
                0.5172492861747742,
                -0.5585817694664001
            ],
            [
                -5.301052452847737e-17,
                -0.7337318658828735,
                -0.679439127445221
            ]
        ],
        "fy": 555.5555155968841,
        "fx": 555.5555155968841
    },
    {
        "id": 9,
        "img_name": "r_9",
        "width": 400,
        "height": 400,
        "position": [
            3.309913158416748,
            0.3558789491653442,
            2.273284912109375
        ],
        "rotation": [
            [
                -0.10690297186374663,
                0.5607009530067443,
                -0.8210883736610411
            ],
            [
                0.9942693710327147,
                0.06028607115149496,
                -0.0882826969027519
            ],
            [
                -3.365192366489349e-18,
                -0.825820803642273,
                -0.5639325976371766
            ]
        ],
        "fy": 555.5555155968841,
        "fx": 555.5555155968841
    }
]